function [PMasks, MMasks, MaskWhite]=data()
%////////////////////Data////////////////////////////////////////////////////////////////////////
P=[0	0	0	0	0	0	0	0	0	0	0	0	0	0	0	0	0	0	0	0	0	0	0	0	0	0	0	0	0	0	0	0	0	0	0	0	0	0	0	0	0	0	0	0	0	0	0	0	0	0	0	0	0	0	0	0	0	0	0	0	0	0	0	0	0	0	0	0	0	0	0	0	0	0	0	0	0	0	0	0	0	0	0	0	0	0	0	0	0	0	0	0	0	0	0	0	0	0	0	0	0	0	0	0	0	0	0	0	0	0	0	0	0	0	0	0	0	0	0	0	0	0	0	0	0	0	0	0	0	0	0	0	0	0	0	0	255	255	255	255	0	0	0	0	0	0	0	0	0	0	0	0	0	0	0	0	0	0	0	0	0	0	0	0	0	0	0	0	0	0	0	0	0	0	0	0	0	0	255	255	0	0	0	0	0	0	255	255	255	255	0	0	0	0	0	255	255	255	255	255	255	255	255	0	0	0	0	0	0	0	255	255	255	255	255	0	0	0	0	0	255	255	255	255	255	255	255	0	0	0	255	255	255	255	255	255	255	255	255	0	255	255	255	255	255	255	255	255	255	255	255	255	255	0	0	0	0	0	0	0	255	255	255	255	255	0	0	0	0	0	255	255	255	255	255	255	255	0	0	0	255	255	255	255	255	255	255	255	255	0	255	0	0	0	0	0	0	0	0	0	255	255	255	0	0	0	0	0	0	0	255	255	255	255	255	0	0	0	0	0	255	255	255	255	255	255	255	0	0	0	255	255	255	255	255	255	255	255	255	0	255	0	0	0	0	0	0	0	0	0	255	255	255	0	0	0	0	0	0	0	255	255	255	255	255	0	0	0	0	0	255	255	255	255	255	255	255	0	0	0	0	0	0	0	0	0	0	0	0	0	255	0	0	0	0	0	0	0	0	0	255	255	255	0	0	0	0	0	0	0	255	255	255	255	255	0	0	0	0	0	255	255	255	255	255	255	255	0	0	0	0	0	0	0	0	0	0	0	0	0	0	0	0	0	0	0	0	0	0	0	0	0	0	0	0	0	0	0	0	0	255	0	0	0	0	0	0	0	0	0	255	255	255	0	0	0	0	0	0	0	255	255	255	255	255	0	0	0	0	0	0	0	0	0	0	0	0	0	0	0	0	0	0	0	0	0	0	0	0	0	0	0	0	0	0	0	0	0	0	0	0	0	0	0	0	0	0	0	0	0	255	255	255	255	0	0	0	0	0	0	0	0	0	0	0	0	0	0	0	0	0	0	0	0	0	0	0	0	0	0	0	0	0	0	0	0	0	0	0	0	0	0	0	0	0	0	0	0	0	0	0	255	0	255	0	255	0	255	0	255;
0	0	0	0	0	0	0	0	0	0	0	0	0	0	0	0	0	0	0	0	0	0	0	0	0	0	0	0	0	0	0	0	0	0	0	0	0	0	0	0	255	255	255	255	255	255	255	255	255	255	0	0	0	0	0	0	0	0	0	0	0	0	0	0	0	0	0	0	0	0	0	0	0	0	0	0	0	0	0	0	0	0	0	0	0	0	0	255	255	255	0	0	0	0	0	0	0	0	0	0	0	0	0	0	0	0	0	0	0	0	0	0	0	0	0	0	0	0	0	0	0	0	0	0	0	0	0	0	255	255	0	0	0	0	255	255	255	255	255	255	0	0	0	0	0	0	0	0	0	0	0	0	0	0	0	0	0	0	0	0	0	0	0	0	0	0	0	0	0	255	0	0	0	0	0	0	0	255	255	255	0	0	0	0	0	255	255	255	255	255	0	0	0	0	255	255	255	255	255	255	255	255	255	0	0	0	0	0	0	0	255	255	255	255	255	0	0	0	0	0	255	255	255	255	255	255	255	0	0	0	255	255	255	255	255	255	255	255	255	0	255	255	255	255	255	255	255	255	255	255	255	255	255	0	0	0	0	0	0	0	255	255	255	255	255	0	0	0	0	0	255	255	255	255	255	255	255	0	0	0	255	255	255	255	255	255	255	255	255	0	255	0	0	0	0	0	0	0	0	0	255	255	255	0	0	0	0	0	0	0	255	255	255	255	255	0	0	0	0	0	255	255	255	255	255	255	255	0	0	0	255	255	255	255	255	255	255	255	255	0	255	0	0	0	0	0	0	0	0	0	255	255	255	0	0	0	0	0	0	0	255	255	255	255	255	0	0	0	0	0	255	255	255	255	255	255	255	0	0	0	0	0	0	0	0	0	0	0	0	0	255	0	0	0	0	0	0	0	0	0	255	255	255	0	0	0	0	0	0	0	255	255	255	255	255	0	0	0	0	0	255	255	255	255	255	255	255	0	0	0	0	0	0	0	0	0	0	0	0	0	0	0	0	0	0	0	0	0	0	0	0	0	0	0	0	0	0	0	0	0	255	255	0	0	0	0	0	0	0	0	255	255	255	255	0	0	0	0	0	0	255	255	255	255	255	255	0	0	0	0	0	0	0	0	0	0	0	0	0	0	0	0	0	0	0	0	0	0	0	0	0	0	0	0	0	0	0	0	0	0	255	255	0	0	0	0	0	0	0	0	255	255	255	255	255	255	0	0	0	0	0	0	0	0	0	0	0	0	0	0	0	0	0	0	0	0	0	0	0	0	0	0	0	0	0	0	0	0	0	0	255	255	255	0	0	0	0	0	0	0	255	0	255	0	255	0	255	0	255	0;
0	0	0	0	0	0	0	0	0	0	0	0	0	0	0	0	0	0	0	0	0	0	0	0	0	0	0	0	0	0	0	0	0	0	0	0	0	0	0	0	255	255	255	255	255	255	255	255	255	255	0	0	0	0	0	0	0	0	0	0	0	0	0	0	0	0	0	0	0	0	0	0	0	0	0	0	0	0	0	0	0	0	0	255	255	255	255	255	255	255	0	0	0	0	0	0	0	0	0	0	0	0	0	0	0	0	0	0	0	0	0	0	0	0	0	0	0	0	0	0	0	0	0	0	0	0	255	255	255	255	0	0	255	255	255	255	255	255	255	255	0	0	0	0	0	0	0	0	0	0	0	0	0	0	0	0	0	0	0	0	0	0	0	0	0	0	0	0	255	255	0	0	0	0	0	0	255	255	255	255	0	0	0	0	255	255	255	255	255	255	0	0	0	255	255	255	255	255	255	255	255	255	0	0	0	0	0	0	0	0	255	255	255	255	0	0	0	0	0	0	255	255	255	255	255	255	0	0	0	0	255	255	255	255	255	255	255	255	0	0	255	255	255	255	255	255	255	255	255	255	255	255	255	0	0	0	0	0	0	0	255	255	255	255	255	0	0	0	0	0	255	255	255	255	255	255	255	0	0	0	255	255	255	255	255	255	255	255	255	0	255	0	0	0	0	0	0	0	0	0	255	255	255	0	0	0	0	0	0	0	255	255	255	255	255	0	0	0	0	0	255	255	255	255	255	255	255	0	0	0	255	255	255	255	255	255	255	255	255	0	255	0	0	0	0	0	0	0	0	0	255	255	255	0	0	0	0	0	0	0	255	255	255	255	255	0	0	0	0	0	255	255	255	255	255	255	255	0	0	0	0	0	0	0	0	0	0	0	0	0	255	255	0	0	0	0	0	0	0	0	255	255	255	255	0	0	0	0	0	0	255	255	255	255	255	255	0	0	0	0	255	255	255	255	255	255	255	255	0	0	0	0	0	0	0	0	0	0	0	0	0	0	0	0	0	0	0	0	0	0	255	0	0	0	0	0	0	0	0	0	255	255	255	0	0	0	0	0	0	0	255	255	255	255	255	0	0	0	0	0	255	255	255	255	255	255	255	0	0	0	0	0	0	0	0	0	0	0	0	0	0	0	0	0	0	0	0	0	0	0	0	0	0	0	0	0	0	0	0	0	255	255	255	255	0	0	0	0	0	0	255	255	255	255	255	255	255	255	0	0	0	0	0	0	0	0	0	0	0	0	0	0	0	0	0	0	0	0	0	0	0	0	0	0	0	0	0	0	0	0	255	255	255	255	255	255	255	0	0	0	0	255	0	255	0	255	0	255	0	255;
0	0	0	0	0	0	0	0	0	0	0	0	0	0	0	0	0	0	0	0	0	0	0	0	0	0	0	0	0	0	255	255	255	255	255	255	255	255	255	255	255	255	255	255	255	255	255	255	255	255	0	0	0	0	0	0	0	0	0	0	0	0	0	0	0	0	0	0	0	0	0	0	0	0	0	0	0	255	255	255	255	255	255	255	255	255	255	255	255	255	0	0	0	0	0	0	0	0	0	0	0	0	0	0	0	0	0	0	0	0	0	0	0	0	0	0	0	0	255	255	0	0	0	0	255	255	255	255	255	255	255	255	255	255	255	255	255	255	255	255	0	0	0	0	0	0	0	0	0	0	0	0	0	0	0	0	0	0	0	255	0	0	0	0	0	0	0	255	255	255	0	0	0	0	0	255	255	255	255	255	0	0	0	255	255	255	255	255	255	255	0	0	255	255	255	255	255	255	255	255	255	255	0	0	0	0	0	0	0	0	255	255	255	255	0	0	0	0	0	0	255	255	255	255	255	255	0	0	0	0	255	255	255	255	255	255	255	255	0	0	255	255	255	255	255	255	255	255	255	255	255	255	0	0	0	0	0	0	0	0	255	255	255	255	0	0	0	0	0	0	255	255	255	255	255	255	0	0	0	0	255	255	255	255	255	255	255	255	0	0	255	0	0	0	0	0	0	0	0	0	255	255	255	0	0	0	0	0	0	0	255	255	255	255	255	0	0	0	0	0	255	255	255	255	255	255	255	0	0	0	255	255	255	255	255	255	255	255	255	0	255	255	0	0	0	0	0	0	0	0	255	255	255	255	0	0	0	0	0	0	255	255	255	255	255	255	0	0	0	0	255	255	255	255	255	255	255	255	0	0	0	0	0	0	0	0	0	0	0	0	255	255	0	0	0	0	0	0	0	0	255	255	255	255	0	0	0	0	0	0	255	255	255	255	255	255	0	0	0	0	255	255	255	255	255	255	255	255	0	0	0	0	0	0	0	0	0	0	0	0	0	0	0	0	0	0	0	0	0	0	255	255	0	0	0	0	0	0	0	0	255	255	255	255	0	0	0	0	0	0	255	255	255	255	255	255	0	0	0	0	255	255	255	255	255	255	255	255	0	0	0	0	0	0	0	0	0	0	0	0	0	0	0	0	0	0	0	0	0	0	255	255	0	0	0	0	0	0	0	0	255	255	255	255	255	255	0	0	0	0	255	255	255	255	255	255	255	255	255	255	0	0	0	0	0	0	0	0	0	0	0	0	0	0	0	0	0	0	0	0	255	255	255	0	0	0	0	0	0	0	255	255	255	255	255	255	255	255	255	255	255	0	255	0	255	0	255	0	255	0;
